%I
10
;

%U
2
;


%S
2
;

%D
5
;

%H
5
;

%R
13
;

%M
2
;

%G
0.72307
;

%Q_d
1
;

%T_i_MD
6
6
6
6
3
3
3
3
3
3
;

%T_sd_Scan
9 9 9 9 9
9 9 9 9 9
;

%C_ir
1 1 1 1 1 0 0 1 1 1 1 0 0
1 1 1 1 1 0 0 1 0 1 0 0 0
1 1 1 1 1 0 0 0 0 1 1 1 0
1 1 1 1 1 0 0 0 0 1 1 1 1
0 0 0 0 0 1 1 0 0 0 1 1 1
0 0 0 0 0 1 1 0 0 0 0 1 1
0 0 0 0 0 1 1 0 1 0 0 0 1
0 0 0 0 0 1 1 0 1 0 0 0 0
0 0 0 0 0 0 0 1 0 0 0 0 0
0 0 0 0 0 0 0 1 1 0 0 0 0
;



%L_isA
1 1
1 1
1 1
1 1
1 1
1 1
1 1
1 1
1 0
1 1
;


%T_im
1 2
1 2
1 2
1 2
1 2
1 2
1 2
1 2
1 2
1 2
;




%N_sd
12 12 13 12 10
12 13 13 13 11
;


%S_sd
2 2 2 2 8
0 0 0 0 0
;

%D_iuW
14 9
10 7
10 6
9 6
6 4
6 3
4 2
3 2
1 1
1 1
;


%K_dr
8 8 8 8 8 8 8 8 8 8 8 8 8
8 8 8 8 8 8 8 8 8 8 8 8 8
8 8 8 8 8 8 8 8 8 8 8 8 8
8 8 8 8 8 8 8 8 8 8 8 8 8
8 8 8 8 8 8 8 8 8 8 8 8 8
;


%D_iuD
1 1
1 1
1 1
1 1
1 1
1 1
1 1
1 1
1 1
1 1
;

%B_iu
5 2
5 2
5 2
5 2
5 2
5 2
5 2
5 2
5 2
5 2
;

%L_sd
1 1 1 1 1
1 1 1 1 1
;

%A_id
0 0 1 0 0
0 0 1 0 0
0 0 1 0 0
0 1 0 0 0
0 1 0 0 0
1 0 0 0 0
0 0 0 1 0
0 0 0 1 0
0 0 0 1 0
0 0 0 1 0
;



%Q_w
40
;

%E_iu1
3 2
4 2
2 1
1 0
3 1
1 0
1 0
1 1
1 0
1 0
;

%E_iu2
3 2
4 2
2 1
1 0
3 1
1 0
1 0
1 1
0 0
1 0
;

%E_iu3
3 2
4 2
2 1
1 0
3 1
1 0
1 0
1 1
0 0
0 0
;

%E_iu4
3 2
4 2
2 1
1 0
3 1
1 0
1 0
1 1
0 0
0 0
;

%E_iu5
3 2
4 2
2 1
1 0
3 1
1 0
1 0
1 1
0 0
0 0
;
