#I
10
;

#U
2
;

#S
2
;

#D
5
;

#H
5
;

#R
13
;

#M
5
;


#T_im
1 2 9 2 1
1 2 9 2 1
1 2 9 2 1
1 2 9 2 1
1 2 9 2 1
1 2 9 2 0.5
1 2 9 2 1
1 2 9 2 1
1 2 9 2 1
1 2 9 2 1
;

#G_dr
2 2 2 2 2 2 2 2 2 2 2 2 2
2 2 2 2 2 2 2 2 2 2 2 2 2
2 2 2 2 2 2 2 2 2 2 2 2 2
2 2 2 2 2 2 2 2 2 2 2 2 2
2 2 2 2 2 2 2 2 2 2 2 2 2
;

#N_sd
12 6 13 6 10
12 13 13 13 11
;


#S_sd
2 2 2 1 8
0 0 0 0 1
;

#D_iuW
5 5
5 5
5 5
5 5
5 5
5 5
5 5
5 5
5 5
2 1
;   
 

#K_dr
8 8 8 8 8 8 8 8 8 8 8 8 8
8 8 8 8 8 8 8 8 8 8 8 8 8
8 8 8 8 8 8 8 8 8 8 8 8 8
8 8 8 8 8 8 8 8 8 8 8 8 8
8 8 8 8 8 8 8 8 8 8 8 8 8
;


#D_iuD
0 0
0 0
0 0
0 0
0 0
0 0
0 0
0 0
0 0
0 0
;

#B_iu
3 3
3 3
3 3
3 3
3 3
3 3
3 3
3 3
3 3
3 3
;

#L_sd
1 1 1 1 1
1 1 1 1 1
;

#A_id
1 0 0 0 0
0 0 1 0 0
0 0 1 0 0
0 0 1 0 0
0 0 1 0 0
0 0 1 0 0
0 0 1 0 0
0 0 1 0 0
0 0 1 0 0
0 0 1 0 0
;

#P
3
;

#Q_d
1
;

#Q_w
40
;

#E_iu1
1 1
1 1
1 1
1 1
1 1
1 1
1 1
1 1
1 1
1 1
;

#E_iu2
1 1
1 1
1 1
1 1
1 1
1 1
1 1
1 1
1 1
1 1
;

#E_iu3
1 1
1 1
1 1
1 1
1 1
1 1
1 1
1 1
1 1
1 1
;

#E_iu4
1 1
1 1
1 1
1 1
1 1
1 1
1 1
1 1
1 1
1 1
;

#E_iu5
1 1
1 1
1 1
1 1
1 1
1 1
1 1
1 1
1 1
1 1
;